15 0.056291 0.130795 0.092715 0.062914
15 0.122517 0.034768 0.079470 0.062914
15 0.503311 0.067881 0.066225 0.056291
15 0.610927 0.072848 0.082781 0.052980
15 0.193709 0.233444 0.082781 0.062914
15 0.350993 0.314570 0.086093 0.046358
15 0.122517 0.437086 0.079470 0.059603
15 0.296358 0.534768 0.149007 0.082781
15 0.428808 0.466887 0.069536 0.086093
15 0.516556 0.591060 0.066225 0.069536
15 0.319536 0.698675 0.082781 0.052980
15 0.245033 0.864238 0.059603 0.086093
15 0.511589 0.706954 0.089404 0.049669
15 0.531457 0.860927 0.069536 0.066225
15 0.599338 0.677152 0.072848 0.043046
15 0.658940 0.710265 0.039735 0.062914
15 0.650662 0.562914 0.208609 0.125828
15 0.860927 0.610927 0.066225 0.069536
15 0.940397 0.331126 0.059603 0.059603
