15 0.213576 0.100993 0.069536 0.056291
15 0.557947 0.024834 0.102649 0.043046
15 0.228477 0.394040 0.086093 0.052980
15 0.197020 0.437086 0.056291 0.066225
15 0.425497 0.529801 0.089404 0.046358
15 0.574503 0.554636 0.043046 0.076159
15 0.531457 0.771523 0.115894 0.046358
15 0.908940 0.740066 0.069536 0.069536
15 0.955298 0.639073 0.089404 0.066225
15 0.788079 0.337748 0.059603 0.066225
15 0.791391 0.187086 0.066225 0.076159
15 0.569536 0.150662 0.046358 0.076159
15 0.806291 0.082781 0.069536 0.079470
15 0.741722 0.986755 0.059603 0.026490
