15 0.917219 0.362583 0.079470 0.043046
15 0.158940 0.216887 0.072848 0.043046
15 0.026490 0.364238 0.046358 0.066225
15 0.013245 0.122517 0.019868 0.066225
15 0.379139 0.201987 0.076159 0.039735
15 0.455298 0.139073 0.069536 0.033113
15 0.534768 0.253311 0.056291 0.049669
15 0.596026 0.304636 0.052980 0.072848
15 0.420530 0.458609 0.052980 0.062914
15 0.279801 0.791391 0.069536 0.046358
15 0.230132 0.894040 0.056291 0.066225
15 0.723510 0.735099 0.062914 0.039735
15 0.806291 0.526490 0.056291 0.026490
15 0.985099 0.723510 0.029801 0.069536
15 0.518212 0.988411 0.056291 0.023179
