15 0.668874 0.117550 0.072848 0.069536
15 0.894040 0.354305 0.046358 0.072848
15 0.771523 0.013245 0.039735 0.019868
15 0.248344 0.463576 0.072848 0.072848
15 0.355960 0.261589 0.062914 0.059603
15 0.384106 0.344371 0.046358 0.052980
15 0.385762 0.600993 0.056291 0.076159
15 0.296358 0.814570 0.049669 0.066225
15 0.523179 0.769868 0.072848 0.049669
15 0.124172 0.786424 0.049669 0.036424
15 0.814570 0.978477 0.086093 0.043046
15 0.875828 0.597682 0.049669 0.062914
15 0.953642 0.662252 0.066225 0.046358
15 0.973510 0.726821 0.052980 0.036424
15 0.735099 0.397351 0.086093 0.052980
15 0.983444 0.360927 0.033113 0.033113
