15 0.066225 0.369205 0.066225 0.056291
15 0.019868 0.703642 0.033113 0.069536
15 0.021523 0.756623 0.036424 0.043046
15 0.397351 0.711921 0.052980 0.072848
15 0.309603 0.584437 0.069536 0.056291
15 0.640728 0.531457 0.069536 0.043046
15 0.569536 0.928808 0.059603 0.089404
15 0.668874 0.745033 0.046358 0.072848
15 0.918874 0.584437 0.062914 0.056291
15 0.907285 0.245033 0.046358 0.046358
15 0.473510 0.433775 0.066225 0.052980
15 0.501656 0.375828 0.069536 0.043046
15 0.074503 0.069536 0.036424 0.072848
15 0.561258 0.213576 0.056291 0.056291
15 0.600993 0.193709 0.062914 0.056291
