15 0.293046 0.119205 0.029801 0.079470
15 0.127483 0.329470 0.076159 0.043046
15 0.327815 0.380795 0.072848 0.039735
15 0.415563 0.208609 0.062914 0.046358
15 0.650662 0.210265 0.036424 0.056291
15 0.784768 0.023179 0.046358 0.039735
15 0.604305 0.511589 0.036424 0.062914
15 0.546358 0.632450 0.052980 0.039735
15 0.008278 0.802980 0.009934 0.036424
15 0.129139 0.879139 0.046358 0.036424
15 0.726821 0.966887 0.062914 0.052980
15 0.837748 0.635762 0.059603 0.052980
15 0.983444 0.352649 0.033113 0.036424
