15 0.132450 0.817881 0.072848 0.046358
15 0.071192 0.774834 0.043046 0.059603
15 0.081126 0.703642 0.096026 0.056291
15 0.354305 0.627483 0.059603 0.043046
15 0.554636 0.708609 0.089404 0.086093
15 0.346026 0.524834 0.049669 0.056291
15 0.711921 0.524834 0.052980 0.069536
15 0.759934 0.326159 0.056291 0.062914
15 0.730132 0.256623 0.036424 0.062914
15 0.991722 0.519868 0.016556 0.033113
15 0.493377 0.248344 0.052980 0.046358
15 0.422185 0.122517 0.056291 0.059603
15 0.531457 0.038079 0.069536 0.062914
15 0.824503 0.029801 0.059603 0.052980
