15 0.294702 0.425497 0.092715 0.056291
15 0.278146 0.493377 0.046358 0.066225
15 0.410596 0.438742 0.052980 0.056291
15 0.180464 0.183775 0.062914 0.036424
15 0.036424 0.097682 0.046358 0.076159
15 0.784768 0.076159 0.072848 0.033113
15 0.571192 0.468543 0.043046 0.062914
15 0.748344 0.561258 0.039735 0.062914
15 0.350993 0.832781 0.086093 0.082781
15 0.546358 0.822848 0.099338 0.062914
15 0.541391 0.710265 0.043046 0.049669
15 0.928808 0.758278 0.062914 0.072848
15 0.784768 0.971854 0.139073 0.056291
15 0.988411 0.685430 0.023179 0.072848
