15 0.132450 0.276490 0.079470 0.043046
15 0.185430 0.216887 0.079470 0.056291
15 0.296358 0.188742 0.069536 0.059603
15 0.529801 0.097682 0.099338 0.056291
15 0.639073 0.284768 0.086093 0.066225
15 0.481788 0.566225 0.049669 0.072848
15 0.107616 0.604305 0.062914 0.096026
15 0.473510 0.725166 0.046358 0.059603
15 0.554636 0.816225 0.096026 0.056291
15 0.134106 0.976821 0.056291 0.026490
15 0.763245 0.927152 0.069536 0.079470
15 0.879139 0.859272 0.056291 0.076159
15 0.971854 0.831126 0.056291 0.072848
