15 0.021523 0.884106 0.036424 0.052980
15 0.170530 0.988411 0.082781 0.023179
15 0.894040 0.816225 0.059603 0.102649
15 0.223510 0.336093 0.142384 0.043046
15 0.347682 0.329470 0.105960 0.062914
15 0.615894 0.466887 0.046358 0.066225
15 0.687086 0.430464 0.049669 0.072848
15 0.811258 0.158940 0.245033 0.132450
15 0.594371 0.067881 0.069536 0.062914
15 0.271523 0.069536 0.072848 0.059603
15 0.264901 0.144040 0.059603 0.062914
15 0.076159 0.110927 0.079470 0.036424
15 0.508278 0.011589 0.036424 0.016556
