15 0.180464 0.216887 0.043046 0.076159
15 0.256623 0.514901 0.062914 0.056291
15 0.461921 0.341060 0.069536 0.052980
15 0.632450 0.243377 0.092715 0.069536
15 0.440397 0.084437 0.052980 0.056291
15 0.225166 0.034768 0.039735 0.062914
15 0.579470 0.046358 0.072848 0.052980
15 0.894040 0.259934 0.066225 0.043046
15 0.975166 0.024834 0.043046 0.043046
15 0.738411 0.357616 0.059603 0.052980
15 0.178808 0.890728 0.072848 0.039735
15 0.299669 0.783113 0.043046 0.069536
15 0.433775 0.746689 0.039735 0.062914
15 0.620861 0.779801 0.036424 0.062914
15 0.586093 0.900662 0.039735 0.059603
15 0.663907 0.942053 0.096026 0.062914
15 0.917219 0.874172 0.046358 0.059603
15 0.869205 0.985099 0.069536 0.029801
