15 0.031457 0.329470 0.056291 0.049669
15 0.213576 0.685430 0.096026 0.059603
15 0.481788 0.412252 0.089404 0.043046
15 0.326159 0.218543 0.062914 0.072848
15 0.403974 0.132450 0.046358 0.079470
15 0.495033 0.230132 0.069536 0.056291
15 0.723510 0.382450 0.062914 0.056291
15 0.799669 0.251656 0.082781 0.046358
15 0.986755 0.317881 0.026490 0.026490
15 0.968543 0.415563 0.062914 0.069536
15 0.647351 0.668874 0.102649 0.052980
15 0.907285 0.806291 0.092715 0.043046
15 0.473510 0.963576 0.099338 0.046358
15 0.794702 0.879139 0.225166 0.069536
