15 0.129139 0.346026 0.046358 0.043046
15 0.163907 0.261589 0.062914 0.046358
15 0.051325 0.476821 0.082781 0.046358
15 0.236755 0.347682 0.069536 0.046358
15 0.086093 0.678808 0.079470 0.046358
15 0.456954 0.680464 0.072848 0.062914
15 0.091060 0.900662 0.082781 0.046358
15 0.188742 0.918874 0.099338 0.029801
15 0.346026 0.466887 0.076159 0.039735
15 0.346026 0.594371 0.089404 0.029801
15 0.513245 0.554636 0.072848 0.043046
15 0.513245 0.463576 0.086093 0.052980
15 0.485099 0.364238 0.089404 0.052980
15 0.364238 0.157285 0.092715 0.036424
15 0.485099 0.294702 0.102649 0.052980
15 0.726821 0.238411 0.109272 0.052980
15 0.594371 0.102649 0.096026 0.066225
15 0.771523 0.110927 0.125828 0.082781
15 0.947020 0.504967 0.105960 0.062914
15 0.953642 0.460265 0.092715 0.046358
15 0.673841 0.779801 0.089404 0.049669
15 0.660596 0.960265 0.076159 0.039735
15 0.932119 0.925497 0.069536 0.056291
