15 0.205298 0.160596 0.052980 0.069536
15 0.551325 0.200331 0.056291 0.056291
15 0.559603 0.306291 0.046358 0.069536
15 0.703642 0.362583 0.043046 0.056291
15 0.736755 0.317881 0.049669 0.033113
15 0.789735 0.299669 0.062914 0.056291
15 0.875828 0.241722 0.076159 0.046358
15 0.902318 0.147351 0.036424 0.076159
15 0.600993 0.652318 0.069536 0.119205
15 0.981788 0.533113 0.036424 0.066225
15 0.193709 0.837748 0.069536 0.052980
15 0.422185 0.865894 0.062914 0.043046
15 0.498344 0.978477 0.062914 0.043046
15 0.975166 0.990066 0.036424 0.019868
