15 0.115894 0.152318 0.052980 0.052980
15 0.254967 0.132450 0.046358 0.046358
15 0.311258 0.135762 0.059603 0.059603
15 0.251656 0.230132 0.033113 0.069536
15 0.307947 0.269868 0.066225 0.029801
15 0.324503 0.312914 0.066225 0.056291
15 0.629139 0.382450 0.059603 0.069536
15 0.604305 0.445364 0.043046 0.062914
15 0.897351 0.350993 0.039735 0.039735
15 0.241722 0.668874 0.033113 0.072848
15 0.096026 0.809603 0.052980 0.062914
15 0.117550 0.864238 0.062914 0.046358
15 0.019868 0.817881 0.033113 0.039735
15 0.607616 0.802980 0.043046 0.062914
15 0.778146 0.670530 0.039735 0.076159
15 0.892384 0.658940 0.056291 0.033113
15 0.819536 0.811258 0.056291 0.059603
