15 0.100993 0.077815 0.069536 0.043046
15 0.115894 0.057947 0.072848 0.029801
15 0.576159 0.039735 0.066225 0.052980
15 0.193709 0.355960 0.076159 0.036424
15 0.286424 0.468543 0.062914 0.049669
15 0.107616 0.705298 0.069536 0.039735
15 0.057947 0.963576 0.049669 0.066225
15 0.655629 0.834437 0.072848 0.039735
15 0.771523 0.745033 0.072848 0.046358
15 0.773179 0.629139 0.069536 0.052980
15 0.849338 0.612583 0.049669 0.066225
15 0.670530 0.188742 0.089404 0.072848
15 0.673841 0.122517 0.056291 0.026490
15 0.784768 0.334437 0.046358 0.066225
15 0.269868 0.665563 0.056291 0.059603
15 0.163907 0.119205 0.036424 0.066225
15 0.403974 0.988411 0.046358 0.023179
