15 0.182119 0.182119 0.052980 0.059603
15 0.594371 0.077815 0.062914 0.049669
15 0.491722 0.341060 0.049669 0.072848
15 0.529801 0.400662 0.033113 0.079470
15 0.634106 0.279801 0.062914 0.049669
15 0.662252 0.228477 0.059603 0.079470
15 0.793046 0.259934 0.043046 0.049669
15 0.715232 0.470199 0.059603 0.059603
15 0.802980 0.382450 0.049669 0.069536
15 0.852649 0.427152 0.056291 0.059603
15 0.349338 0.918874 0.076159 0.056291
15 0.713576 0.829470 0.082781 0.082781
15 0.869205 0.796358 0.049669 0.043046
15 0.958609 0.791391 0.049669 0.059603
15 0.966887 0.844371 0.046358 0.052980
