15 0.283113 0.026490 0.056291 0.046358
15 0.192053 0.509934 0.099338 0.052980
15 0.256623 0.557947 0.069536 0.062914
15 0.334437 0.609272 0.072848 0.092715
15 0.572848 0.453642 0.046358 0.072848
15 0.673841 0.546358 0.082781 0.086093
15 0.660596 0.216887 0.102649 0.043046
15 0.715232 0.140728 0.086093 0.082781
15 0.870861 0.210265 0.046358 0.082781
15 0.736755 0.945364 0.043046 0.069536
15 0.756623 0.846026 0.069536 0.089404
15 0.885762 0.793046 0.115894 0.062914
15 0.238411 0.956954 0.072848 0.039735
15 0.057947 0.917219 0.109272 0.066225
15 0.985099 0.610927 0.029801 0.062914
