15 0.052980 0.564570 0.072848 0.049669
15 0.026490 0.281457 0.046358 0.039735
15 0.082781 0.897351 0.046358 0.059603
15 0.302980 0.811258 0.056291 0.059603
15 0.346026 0.827815 0.069536 0.046358
15 0.508278 0.413907 0.062914 0.033113
15 0.495033 0.066225 0.043046 0.052980
15 0.572848 0.516556 0.059603 0.046358
15 0.839404 0.423841 0.076159 0.026490
15 0.899007 0.317881 0.069536 0.033113
15 0.864238 0.094371 0.052980 0.049669
15 0.923841 0.509934 0.079470 0.039735
15 0.847682 0.663907 0.059603 0.049669
15 0.958609 0.683775 0.069536 0.043046
15 0.430464 0.985099 0.066225 0.029801
15 0.670530 0.990066 0.056291 0.019868
