15 0.271523 0.274834 0.046358 0.066225
15 0.332781 0.312914 0.062914 0.069536
15 0.471854 0.286424 0.069536 0.043046
15 0.728477 0.236755 0.059603 0.062914
15 0.756623 0.036424 0.069536 0.046358
15 0.640728 0.493377 0.069536 0.033113
15 0.758278 0.408940 0.039735 0.082781
15 0.832781 0.387417 0.089404 0.079470
15 0.975166 0.240066 0.049669 0.043046
15 0.836093 0.948675 0.195364 0.102649
15 0.198675 0.935430 0.066225 0.036424
15 0.110927 0.743377 0.069536 0.029801
15 0.407285 0.683775 0.052980 0.069536
15 0.268212 0.859272 0.039735 0.069536
15 0.427152 0.890728 0.059603 0.059603
