15 0.167219 0.332781 0.069536 0.076159
15 0.589404 0.281457 0.072848 0.052980
15 0.142384 0.670530 0.079470 0.036424
15 0.447020 0.874172 0.066225 0.059603
15 0.932119 0.930464 0.049669 0.046358
15 0.913907 0.768212 0.072848 0.059603
15 0.612583 0.610927 0.059603 0.076159
15 0.652318 0.197020 0.072848 0.036424
15 0.253311 0.028146 0.043046 0.043046
15 0.402318 0.066225 0.043046 0.046358
15 0.703642 0.033113 0.069536 0.046358
15 0.862583 0.082781 0.062914 0.046358
15 0.928808 0.158940 0.082781 0.046358
15 0.903974 0.016556 0.052980 0.026490
