15 0.052980 0.147351 0.046358 0.062914
15 0.033113 0.523179 0.059603 0.066225
15 0.125828 0.352649 0.072848 0.029801
15 0.193709 0.205298 0.049669 0.052980
15 0.269868 0.197020 0.069536 0.043046
15 0.236755 0.544702 0.036424 0.069536
15 0.163907 0.703642 0.062914 0.056291
15 0.329470 0.637417 0.082781 0.036424
15 0.491722 0.541391 0.049669 0.062914
15 0.658940 0.346026 0.046358 0.043046
15 0.682119 0.394040 0.046358 0.072848
15 0.850993 0.298013 0.046358 0.059603
15 0.644040 0.692053 0.076159 0.046358
15 0.152318 0.874172 0.079470 0.105960
15 0.228477 0.829470 0.039735 0.069536
15 0.576159 0.975166 0.059603 0.049669
