15 0.021523 0.251656 0.036424 0.026490
15 0.044702 0.552980 0.076159 0.052980
15 0.081126 0.897351 0.036424 0.052980
15 0.296358 0.811258 0.049669 0.059603
15 0.344371 0.827815 0.066225 0.046358
15 0.566225 0.506623 0.059603 0.052980
15 0.500000 0.399007 0.066225 0.043046
15 0.890728 0.298013 0.072848 0.039735
15 0.832781 0.408940 0.082781 0.043046
15 0.915563 0.501656 0.076159 0.043046
15 0.842715 0.657285 0.069536 0.056291
15 0.428808 0.981788 0.062914 0.036424
15 0.667219 0.988411 0.062914 0.023179
15 0.956954 0.678808 0.072848 0.046358
15 0.847682 0.029801 0.066225 0.052980
