15 0.024834 0.394040 0.043046 0.026490
15 0.029801 0.018212 0.033113 0.029801
15 0.064570 0.504967 0.069536 0.036424
15 0.137417 0.678808 0.062914 0.052980
15 0.175497 0.650662 0.039735 0.049669
15 0.710265 0.890728 0.049669 0.046358
15 0.771523 0.975166 0.086093 0.049669
15 0.978477 0.986755 0.036424 0.026490
15 0.324503 0.160596 0.046358 0.056291
15 0.662252 0.322848 0.039735 0.069536
15 0.710265 0.384106 0.036424 0.072848
15 0.905629 0.451987 0.062914 0.056291
15 0.978477 0.362583 0.043046 0.076159
15 0.947020 0.236755 0.046358 0.049669
15 0.985099 0.798013 0.029801 0.033113
15 0.793046 0.256623 0.062914 0.049669
15 0.809603 0.208609 0.056291 0.079470
15 0.720199 0.054636 0.062914 0.049669
