15 0.112583 0.069536 0.079470 0.046358
15 0.124172 0.049669 0.076159 0.039735
15 0.175497 0.102649 0.039735 0.079470
15 0.228477 0.331126 0.079470 0.033113
15 0.321192 0.440397 0.066225 0.046358
15 0.155629 0.678808 0.052980 0.039735
15 0.314570 0.632450 0.059603 0.052980
15 0.119205 0.932119 0.046358 0.069536
15 0.460265 0.976821 0.066225 0.046358
15 0.705298 0.991722 0.026490 0.016556
15 0.708609 0.807947 0.066225 0.039735
15 0.816225 0.716887 0.062914 0.049669
15 0.817881 0.599338 0.072848 0.039735
15 0.892384 0.581126 0.062914 0.062914
15 0.685430 0.170530 0.092715 0.069536
15 0.582781 0.028146 0.066225 0.049669
15 0.817881 0.312914 0.059603 0.056291
