15 0.137417 0.781457 0.049669 0.066225
15 0.278146 0.302980 0.059603 0.056291
15 0.155629 0.190397 0.079470 0.036424
15 0.079470 0.038079 0.039735 0.069536
15 0.569536 0.072848 0.066225 0.119205
15 0.597682 0.014901 0.029801 0.023179
15 0.491722 0.370861 0.069536 0.039735
15 0.569536 0.334437 0.046358 0.059603
15 0.751656 0.478477 0.046358 0.115894
15 0.923841 0.692053 0.052980 0.072848
15 0.885762 0.812914 0.056291 0.056291
15 0.721854 0.110927 0.046358 0.062914
15 0.953642 0.115894 0.039735 0.066225
15 0.988411 0.135762 0.023179 0.046358
