15 0.019868 0.157285 0.033113 0.029801
15 0.273179 0.104305 0.036424 0.076159
15 0.519868 0.114238 0.099338 0.102649
15 0.617550 0.153974 0.096026 0.049669
15 0.837748 0.034768 0.052980 0.062914
15 0.814570 0.350993 0.059603 0.079470
15 0.412252 0.514901 0.089404 0.062914
15 0.627483 0.463576 0.082781 0.052980
15 0.913907 0.256623 0.046358 0.069536
15 0.976821 0.319536 0.046358 0.036424
15 0.500000 0.634106 0.092715 0.056291
15 0.322848 0.867550 0.082781 0.092715
15 0.463576 0.884106 0.046358 0.092715
15 0.548013 0.816225 0.096026 0.049669
15 0.951987 0.960265 0.082781 0.059603
15 0.163907 0.890728 0.188742 0.218543
