15 0.586093 0.028146 0.072848 0.036424
15 0.069536 0.635762 0.079470 0.039735
15 0.029801 0.973510 0.052980 0.052980
15 0.142384 0.907285 0.059603 0.059603
15 0.309603 0.867550 0.049669 0.066225
15 0.655629 0.932119 0.059603 0.082781
15 0.329470 0.677152 0.049669 0.049669
15 0.206954 0.357616 0.056291 0.059603
15 0.359272 0.610927 0.062914 0.049669
15 0.592715 0.612583 0.039735 0.066225
15 0.518212 0.529801 0.069536 0.046358
15 0.751656 0.461921 0.059603 0.043046
15 0.961921 0.619205 0.069536 0.046358
15 0.980132 0.713576 0.039735 0.043046
