15 0.018212 0.206954 0.029801 0.043046
15 0.084437 0.178808 0.076159 0.039735
15 0.130795 0.278146 0.049669 0.079470
15 0.509934 0.218543 0.046358 0.059603
15 0.750000 0.180464 0.049669 0.056291
15 0.905629 0.122517 0.036424 0.066225
15 0.324503 0.503311 0.059603 0.033113
15 0.064570 0.824503 0.049669 0.052980
15 0.319536 0.577815 0.043046 0.062914
15 0.355960 0.708609 0.076159 0.046358
15 0.557947 0.655629 0.069536 0.039735
15 0.544702 0.581126 0.069536 0.049669
15 0.456954 0.410596 0.059603 0.039735
15 0.668874 0.663907 0.059603 0.049669
15 0.781457 0.685430 0.072848 0.039735
15 0.685430 0.509934 0.072848 0.039735
15 0.649007 0.440397 0.059603 0.072848
15 0.607616 0.379139 0.056291 0.049669
15 0.635762 0.321192 0.052980 0.066225
15 0.758278 0.286424 0.059603 0.049669
15 0.857616 0.289735 0.046358 0.043046
