15 0.394040 0.049669 0.079470 0.046358
15 0.528146 0.044702 0.082781 0.029801
15 0.364238 0.149007 0.066225 0.046358
15 0.501656 0.127483 0.102649 0.043046
15 0.245033 0.266556 0.086093 0.049669
15 0.408940 0.259934 0.049669 0.056291
15 0.509934 0.259934 0.072848 0.036424
15 0.316225 0.501656 0.109272 0.069536
15 0.352649 0.466887 0.082781 0.039735
15 0.629139 0.470199 0.072848 0.046358
15 0.536424 0.200331 0.039735 0.049669
15 0.667219 0.233444 0.089404 0.029801
15 0.963576 0.357616 0.066225 0.059603
15 0.887417 0.544702 0.092715 0.029801
15 0.586093 0.796358 0.072848 0.049669
15 0.610927 0.963576 0.076159 0.039735
15 0.905629 0.970199 0.168874 0.059603
