15 0.023179 0.241722 0.039735 0.039735
15 0.057947 0.271523 0.062914 0.066225
15 0.301325 0.026490 0.052980 0.046358
15 0.321192 0.311258 0.066225 0.052980
15 0.536424 0.147351 0.079470 0.043046
15 0.389073 0.447020 0.049669 0.059603
15 0.192053 0.647351 0.046358 0.043046
15 0.389073 0.604305 0.076159 0.062914
15 0.423841 0.680464 0.086093 0.109272
15 0.587748 0.571192 0.076159 0.062914
15 0.903974 0.402318 0.079470 0.036424
15 0.433775 0.965232 0.059603 0.036424
15 0.589404 0.940397 0.072848 0.033113
