15 0.024834 0.342715 0.043046 0.089404
15 0.021523 0.087748 0.036424 0.076159
15 0.082781 0.013245 0.046358 0.019868
15 0.157285 0.357616 0.082781 0.033113
15 0.091060 0.526490 0.062914 0.033113
15 0.299669 0.425497 0.082781 0.036424
15 0.296358 0.254967 0.076159 0.046358
15 0.574503 0.612583 0.076159 0.046358
15 0.635762 0.549669 0.039735 0.059603
15 0.685430 0.432119 0.052980 0.056291
15 0.925497 0.057947 0.115894 0.062914
15 0.879139 0.019868 0.043046 0.033113
15 0.839404 0.877483 0.062914 0.039735
