15 0.139073 0.180464 0.066225 0.043046
15 0.367550 0.173841 0.072848 0.043046
15 0.445364 0.115894 0.076159 0.039735
15 0.514901 0.211921 0.056291 0.039735
15 0.582781 0.264901 0.052980 0.066225
15 0.385762 0.405629 0.056291 0.069536
15 0.223510 0.733444 0.069536 0.049669
15 0.168874 0.832781 0.059603 0.062914
15 0.448675 0.933775 0.069536 0.039735
15 0.675497 0.675497 0.059603 0.033113
15 0.938742 0.668874 0.049669 0.072848
15 0.766556 0.470199 0.049669 0.026490
15 0.895695 0.319536 0.089404 0.049669
