15 0.129139 0.034768 0.026490 0.062914
15 0.195364 0.208609 0.079470 0.039735
15 0.049669 0.245033 0.066225 0.052980
15 0.033113 0.461921 0.046358 0.062914
15 0.129139 0.543046 0.072848 0.046358
15 0.044702 0.586093 0.062914 0.059603
15 0.344371 0.463576 0.039735 0.046358
15 0.097682 0.865894 0.062914 0.043046
15 0.435430 0.794702 0.069536 0.052980
15 0.738411 0.849338 0.046358 0.062914
15 0.771523 0.956954 0.092715 0.086093
15 0.963576 0.978477 0.066225 0.043046
15 0.379139 0.259934 0.062914 0.043046
15 0.418874 0.014901 0.056291 0.023179
15 0.740066 0.059603 0.056291 0.059603
15 0.882450 0.182119 0.062914 0.046358
