15 0.140728 0.586093 0.076159 0.059603
15 0.221854 0.710265 0.039735 0.069536
15 0.365894 0.923841 0.069536 0.086093
15 0.490066 0.740066 0.046358 0.076159
15 0.478477 0.529801 0.069536 0.039735
15 0.753311 0.584437 0.069536 0.056291
15 0.321192 0.433775 0.072848 0.059603
15 0.355960 0.377483 0.069536 0.046358
15 0.422185 0.220199 0.049669 0.056291
15 0.456954 0.200331 0.059603 0.056291
15 0.769868 0.253311 0.036424 0.049669
15 0.983444 0.562914 0.033113 0.059603
15 0.850993 0.988411 0.033113 0.023179
