15 0.243377 0.074503 0.049669 0.056291
15 0.428808 0.091060 0.062914 0.062914
15 0.283113 0.235099 0.056291 0.059603
15 0.213576 0.516556 0.036424 0.066225
15 0.496689 0.456954 0.072848 0.046358
15 0.041391 0.687086 0.069536 0.043046
15 0.192053 0.811258 0.072848 0.086093
15 0.283113 0.817881 0.089404 0.046358
15 0.668874 0.688742 0.066225 0.052980
15 0.913907 0.278146 0.059603 0.059603
15 0.966887 0.773179 0.066225 0.082781
15 0.961921 0.899007 0.036424 0.069536
15 0.902318 0.930464 0.062914 0.099338
15 0.844371 0.963576 0.059603 0.066225
