15 0.067881 0.986755 0.062914 0.026490
15 0.147351 0.910596 0.043046 0.072848
15 0.296358 0.947020 0.043046 0.059603
15 0.728477 0.973510 0.139073 0.052980
15 0.294702 0.725166 0.046358 0.066225
15 0.549669 0.528146 0.072848 0.036424
15 0.970199 0.581126 0.059603 0.056291
15 0.254967 0.344371 0.052980 0.066225
15 0.197020 0.304636 0.049669 0.066225
15 0.665563 0.443709 0.046358 0.079470
15 0.748344 0.417219 0.086093 0.072848
15 0.913907 0.271523 0.079470 0.033113
15 0.653974 0.271523 0.069536 0.059603
15 0.394040 0.319536 0.079470 0.043046
15 0.448675 0.028146 0.043046 0.049669
15 0.695364 0.071192 0.072848 0.043046
