15 0.137417 0.263245 0.056291 0.069536
15 0.197020 0.140728 0.062914 0.049669
15 0.211921 0.163907 0.066225 0.049669
15 0.880795 0.160596 0.072848 0.056291
15 0.240066 0.614238 0.069536 0.043046
15 0.289735 0.649007 0.043046 0.079470
15 0.170530 0.822848 0.089404 0.069536
15 0.145695 0.855960 0.059603 0.069536
15 0.274834 0.892384 0.066225 0.069536
15 0.382450 0.832781 0.049669 0.069536
15 0.806291 0.799669 0.062914 0.076159
15 0.938742 0.788079 0.036424 0.072848
15 0.013245 0.157285 0.019868 0.036424
