15 0.240066 0.115894 0.062914 0.092715
15 0.346026 0.038079 0.036424 0.069536
15 0.915563 0.104305 0.043046 0.062914
15 0.417219 0.235099 0.079470 0.105960
15 0.430464 0.420530 0.072848 0.046358
15 0.675497 0.392384 0.052980 0.049669
15 0.298013 0.495033 0.066225 0.049669
15 0.316225 0.561258 0.056291 0.056291
15 0.173841 0.566225 0.049669 0.059603
15 0.250000 0.644040 0.076159 0.062914
15 0.019868 0.746689 0.033113 0.036424
15 0.635762 0.610927 0.059603 0.049669
15 0.559603 0.809603 0.072848 0.069536
15 0.816225 0.799669 0.082781 0.069536
15 0.923841 0.708609 0.026490 0.046358
15 0.942053 0.566225 0.049669 0.059603
