15 0.097682 0.627483 0.049669 0.076159
15 0.226821 0.978477 0.062914 0.043046
15 0.130795 0.975166 0.043046 0.049669
15 0.731788 0.619205 0.039735 0.072848
15 0.490066 0.880795 0.066225 0.072848
15 0.329470 0.915563 0.062914 0.056291
15 0.844371 0.938742 0.059603 0.082781
15 0.306291 0.354305 0.062914 0.052980
15 0.644040 0.534768 0.069536 0.043046
15 0.495033 0.612583 0.062914 0.046358
15 0.476821 0.680464 0.059603 0.043046
15 0.206954 0.640728 0.082781 0.043046
15 0.864238 0.466887 0.059603 0.039735
15 0.645695 0.023179 0.099338 0.039735
15 0.074503 0.912252 0.056291 0.069536
