15 0.049669 0.215232 0.052980 0.079470
15 0.192053 0.291391 0.052980 0.066225
15 0.266556 0.278146 0.069536 0.052980
15 0.115894 0.463576 0.079470 0.033113
15 0.028146 0.647351 0.049669 0.069536
15 0.160596 0.824503 0.056291 0.059603
15 0.230132 0.667219 0.029801 0.069536
15 0.324503 0.758278 0.086093 0.039735
15 0.486755 0.667219 0.052980 0.062914
15 0.653974 0.461921 0.043046 0.056291
15 0.677152 0.506623 0.043046 0.079470
15 0.850993 0.405629 0.033113 0.076159
15 0.640728 0.816225 0.069536 0.049669
15 0.221854 0.950331 0.039735 0.066225
15 0.137417 0.973510 0.069536 0.052980
