15 0.192053 0.104305 0.052980 0.049669
15 0.538079 0.134106 0.056291 0.043046
15 0.543046 0.218543 0.046358 0.059603
15 0.682119 0.268212 0.046358 0.052980
15 0.720199 0.228477 0.049669 0.033113
15 0.766556 0.213576 0.069536 0.049669
15 0.859272 0.162252 0.062914 0.039735
15 0.894040 0.092715 0.046358 0.059603
15 0.953642 0.413907 0.039735 0.059603
15 0.564570 0.531457 0.076159 0.109272
15 0.149007 0.708609 0.066225 0.059603
15 0.375828 0.733444 0.062914 0.036424
15 0.442053 0.854305 0.069536 0.066225
15 0.140728 0.988411 0.043046 0.023179
15 0.268212 0.986755 0.072848 0.026490
15 0.721854 0.923841 0.052980 0.059603
15 0.789735 0.874172 0.076159 0.033113
15 0.928808 0.877483 0.036424 0.059603
15 0.950331 0.940397 0.052980 0.046358
