15 0.031457 0.284768 0.056291 0.066225
15 0.211921 0.261589 0.086093 0.099338
15 0.359272 0.284768 0.129139 0.079470
15 0.572848 0.107616 0.066225 0.069536
15 0.591060 0.018212 0.056291 0.029801
15 0.806291 0.043046 0.076159 0.079470
15 0.960265 0.104305 0.079470 0.082781
15 0.250000 0.524834 0.109272 0.062914
15 0.644040 0.531457 0.102649 0.096026
15 0.677152 0.490066 0.135762 0.099338
15 0.662252 0.432119 0.086093 0.089404
15 0.854305 0.480132 0.066225 0.079470
15 0.062914 0.870861 0.086093 0.086093
15 0.048013 0.930464 0.089404 0.052980
15 0.177152 0.764901 0.109272 0.105960
15 0.961921 0.983444 0.043046 0.033113
