15 0.147351 0.120861 0.069536 0.049669
15 0.273179 0.039735 0.062914 0.059603
15 0.347682 0.051325 0.066225 0.043046
15 0.231788 0.155629 0.059603 0.059603
15 0.379139 0.193709 0.049669 0.062914
15 0.582781 0.155629 0.046358 0.079470
15 0.576159 0.238411 0.079470 0.066225
15 0.602649 0.263245 0.079470 0.043046
15 0.947020 0.144040 0.079470 0.056291
15 0.950331 0.016556 0.072848 0.026490
15 0.807947 0.302980 0.066225 0.036424
15 0.420530 0.498344 0.079470 0.069536
15 0.488411 0.465232 0.076159 0.056291
15 0.549669 0.420530 0.086093 0.052980
15 0.298013 0.639073 0.079470 0.059603
15 0.018212 0.644040 0.029801 0.036424
15 0.039735 0.928808 0.072848 0.062914
15 0.192053 0.841060 0.039735 0.039735
15 0.985099 0.402318 0.029801 0.062914
15 0.582781 0.597682 0.052980 0.069536
15 0.526490 0.678808 0.079470 0.066225
15 0.700331 0.557947 0.069536 0.062914
15 0.968543 0.572848 0.049669 0.086093
15 0.607616 0.746689 0.049669 0.069536
15 0.697020 0.938742 0.056291 0.082781
15 0.723510 0.786424 0.062914 0.076159
15 0.839404 0.740066 0.069536 0.069536
