15 0.245033 0.024834 0.033113 0.043046
15 0.750000 0.112583 0.062914 0.066225
15 0.986755 0.091060 0.026490 0.036424
15 0.137417 0.475166 0.096026 0.043046
15 0.094371 0.897351 0.142384 0.205298
15 0.238411 0.948675 0.079470 0.049669
15 0.508278 0.738411 0.049669 0.086093
15 0.773179 0.897351 0.096026 0.079470
15 0.945364 0.822848 0.043046 0.069536
15 0.251656 0.327815 0.066225 0.066225
15 0.394040 0.349338 0.033113 0.076159
15 0.635762 0.468543 0.059603 0.062914
15 0.951987 0.211921 0.062914 0.072848
