15 0.240066 0.034768 0.069536 0.062914
15 0.168874 0.198675 0.079470 0.099338
15 0.286424 0.253311 0.168874 0.062914
15 0.567881 0.296358 0.135762 0.115894
15 0.170530 0.557947 0.056291 0.062914
15 0.274834 0.528146 0.052980 0.062914
15 0.350993 0.624172 0.139073 0.102649
15 0.485099 0.478477 0.076159 0.049669
15 0.614238 0.453642 0.096026 0.052980
15 0.781457 0.496689 0.086093 0.066225
15 0.981788 0.440397 0.036424 0.046358
15 0.849338 0.034768 0.089404 0.062914
15 0.938742 0.052980 0.049669 0.099338
15 0.326159 0.834437 0.062914 0.052980
15 0.397351 0.943709 0.059603 0.079470
15 0.501656 0.965232 0.056291 0.069536
15 0.582781 0.976821 0.059603 0.046358
15 0.837748 0.827815 0.079470 0.059603
15 0.715232 0.657285 0.086093 0.049669
