15 0.014901 0.302980 0.023179 0.076159
15 0.162252 0.193709 0.052980 0.056291
15 0.145695 0.483444 0.052980 0.059603
15 0.043046 0.710265 0.052980 0.043046
15 0.418874 0.649007 0.069536 0.039735
15 0.298013 0.365894 0.072848 0.043046
15 0.544702 0.342715 0.049669 0.036424
15 0.639073 0.377483 0.059603 0.046358
15 0.523179 0.478477 0.039735 0.062914
15 0.524834 0.599338 0.062914 0.052980
15 0.450331 0.788079 0.072848 0.059603
15 0.329470 0.975166 0.062914 0.049669
15 0.556291 0.932119 0.059603 0.036424
15 0.859272 0.705298 0.029801 0.046358
15 0.960265 0.647351 0.079470 0.043046
15 0.721854 0.071192 0.039735 0.049669
15 0.723510 0.023179 0.036424 0.039735
15 0.784768 0.048013 0.052980 0.049669
