15 0.107616 0.687086 0.036424 0.056291
15 0.155629 0.786424 0.046358 0.076159
15 0.228477 0.769868 0.046358 0.056291
15 0.264901 0.635762 0.059603 0.033113
15 0.615894 0.740066 0.052980 0.069536
15 0.697020 0.647351 0.036424 0.082781
15 0.788079 0.976821 0.033113 0.046358
15 0.513245 0.546358 0.039735 0.079470
15 0.566225 0.501656 0.066225 0.036424
15 0.465232 0.451987 0.029801 0.089404
15 0.490066 0.397351 0.039735 0.072848
15 0.432119 0.195364 0.069536 0.046358
15 0.920530 0.086093 0.046358 0.052980
15 0.985099 0.683775 0.029801 0.029801
