15 0.137417 0.094371 0.043046 0.056291
15 0.326159 0.021523 0.049669 0.036424
15 0.438742 0.248344 0.062914 0.059603
15 0.622517 0.254967 0.092715 0.052980
15 0.799669 0.281457 0.056291 0.052980
15 0.604305 0.425497 0.062914 0.036424
15 0.283113 0.625828 0.062914 0.046358
15 0.397351 0.716887 0.059603 0.062914
15 0.554636 0.642384 0.036424 0.066225
15 0.357616 0.789735 0.066225 0.049669
15 0.591060 0.771523 0.049669 0.066225
15 0.435430 0.912252 0.036424 0.062914
15 0.649007 0.973510 0.039735 0.052980
15 0.922185 0.981788 0.069536 0.036424
