15 0.167219 0.485099 0.062914 0.082781
15 0.379139 0.577815 0.076159 0.062914
15 0.816225 0.569536 0.082781 0.059603
15 0.746689 0.309603 0.082781 0.043046
15 0.301325 0.205298 0.099338 0.046358
15 0.210265 0.018212 0.036424 0.029801
15 0.629139 0.102649 0.066225 0.079470
15 0.976821 0.271523 0.046358 0.059603
15 0.789735 0.115894 0.062914 0.052980
15 0.705298 0.028146 0.046358 0.049669
15 0.504967 0.930464 0.089404 0.066225
15 0.094371 0.847682 0.043046 0.033113
15 0.821192 0.806291 0.132450 0.096026
15 0.925497 0.807947 0.115894 0.046358
15 0.983444 0.721854 0.033113 0.039735
