15 0.278146 0.031457 0.033113 0.056291
15 0.448675 0.018212 0.049669 0.029801
15 0.774834 0.132450 0.059603 0.086093
15 0.970199 0.210265 0.059603 0.082781
15 0.284768 0.341060 0.046358 0.059603
15 0.425497 0.360927 0.036424 0.079470
15 0.173841 0.493377 0.076159 0.033113
15 0.673841 0.483444 0.062914 0.066225
15 0.139073 0.903974 0.125828 0.192053
15 0.231788 0.990066 0.039735 0.019868
15 0.551325 0.750000 0.062914 0.096026
15 0.819536 0.910596 0.109272 0.079470
15 0.301325 0.968543 0.092715 0.049669
