15 0.048013 0.152318 0.069536 0.039735
15 0.096026 0.261589 0.052980 0.079470
15 0.302980 0.498344 0.062914 0.043046
15 0.059603 0.824503 0.046358 0.059603
15 0.346026 0.710265 0.076159 0.043046
15 0.306291 0.572848 0.043046 0.059603
15 0.528146 0.576159 0.062914 0.052980
15 0.544702 0.652318 0.076159 0.039735
15 0.655629 0.667219 0.059603 0.056291
15 0.766556 0.682119 0.076159 0.039735
15 0.663907 0.501656 0.076159 0.043046
15 0.435430 0.403974 0.069536 0.046358
15 0.625828 0.432119 0.059603 0.062914
15 0.581126 0.367550 0.062914 0.052980
15 0.607616 0.306291 0.056291 0.062914
15 0.711921 0.157285 0.046358 0.069536
15 0.725166 0.264901 0.059603 0.052980
15 0.860927 0.086093 0.033113 0.072848
15 0.975166 0.198675 0.036424 0.033113
15 0.473510 0.192053 0.052980 0.066225
