15 0.208609 0.039735 0.039735 0.059603
15 0.238411 0.197020 0.046358 0.062914
15 0.582781 0.230132 0.052980 0.049669
15 0.451987 0.014901 0.056291 0.023179
15 0.768212 0.057947 0.079470 0.029801
15 0.937086 0.185430 0.039735 0.066225
15 0.900662 0.268212 0.066225 0.052980
15 0.816225 0.324503 0.062914 0.059603
15 0.769868 0.339404 0.043046 0.043046
15 0.731788 0.379139 0.046358 0.056291
15 0.589404 0.327815 0.046358 0.059603
15 0.193709 0.836093 0.069536 0.056291
15 0.427152 0.864238 0.059603 0.039735
15 0.614238 0.657285 0.076159 0.115894
15 0.500000 0.976821 0.066225 0.046358
15 0.973510 0.991722 0.033113 0.016556
