15 0.115894 0.105960 0.059603 0.046358
15 0.130795 0.127483 0.062914 0.049669
15 0.059603 0.225166 0.046358 0.066225
15 0.168874 0.579470 0.066225 0.052980
15 0.220199 0.617550 0.043046 0.082781
15 0.099338 0.786424 0.092715 0.069536
15 0.074503 0.827815 0.049669 0.066225
15 0.201987 0.857616 0.066225 0.059603
15 0.314570 0.802980 0.046358 0.069536
15 0.743377 0.763245 0.056291 0.082781
15 0.872517 0.754967 0.043046 0.072848
15 0.970199 0.746689 0.039735 0.076159
15 0.802980 0.125828 0.076159 0.052980
15 0.976821 0.157285 0.046358 0.096026
15 0.922185 0.985099 0.049669 0.029801
