15 0.081126 0.034768 0.049669 0.062914
15 0.038079 0.730132 0.069536 0.062914
15 0.210265 0.783113 0.043046 0.062914
15 0.529801 0.372517 0.066225 0.043046
15 0.180464 0.190397 0.069536 0.049669
15 0.306291 0.306291 0.056291 0.056291
15 0.597682 0.337748 0.049669 0.059603
15 0.796358 0.481788 0.049669 0.115894
15 0.577815 0.072848 0.056291 0.119205
15 0.600993 0.018212 0.036424 0.029801
15 0.728477 0.117550 0.052980 0.062914
15 0.971854 0.120861 0.043046 0.076159
15 0.960265 0.814570 0.066225 0.059603
15 0.973510 0.693709 0.052980 0.062914
