15 0.137417 0.185430 0.049669 0.079470
15 0.233444 0.504967 0.056291 0.049669
15 0.170530 0.892384 0.062914 0.043046
15 0.286424 0.781457 0.043046 0.066225
15 0.420530 0.745033 0.039735 0.066225
15 0.609272 0.778146 0.033113 0.066225
15 0.579470 0.899007 0.033113 0.056291
15 0.660596 0.943709 0.102649 0.066225
15 0.910596 0.874172 0.046358 0.059603
15 0.869205 0.985099 0.069536 0.029801
15 0.703642 0.341060 0.056291 0.052980
15 0.428808 0.316225 0.069536 0.062914
15 0.591060 0.215232 0.096026 0.072848
15 0.857616 0.231788 0.066225 0.046358
15 0.387417 0.033113 0.046358 0.059603
