15 0.023179 0.710265 0.039735 0.043046
15 0.031457 0.812914 0.056291 0.049669
15 0.279801 0.629139 0.062914 0.046358
15 0.274834 0.526490 0.039735 0.046358
15 0.473510 0.705298 0.105960 0.092715
15 0.650662 0.526490 0.062914 0.066225
15 0.947020 0.511589 0.046358 0.056291
15 0.720199 0.334437 0.062914 0.066225
15 0.695364 0.263245 0.039735 0.062914
15 0.460265 0.254967 0.066225 0.059603
15 0.405629 0.124172 0.062914 0.069536
15 0.524834 0.044702 0.069536 0.069536
15 0.817881 0.031457 0.066225 0.056291
