15 0.241722 0.084437 0.033113 0.029801
15 0.399007 0.091060 0.069536 0.062914
15 0.033113 0.885762 0.052980 0.076159
15 0.261589 0.935430 0.072848 0.089404
15 0.548013 0.966887 0.049669 0.066225
15 0.605960 0.981788 0.066225 0.036424
15 0.634106 0.720199 0.076159 0.062914
15 0.397351 0.703642 0.099338 0.049669
15 0.384106 0.453642 0.079470 0.046358
15 0.312914 0.233444 0.049669 0.049669
15 0.591060 0.236755 0.082781 0.056291
15 0.385762 0.031457 0.089404 0.036424
15 0.483444 0.067881 0.092715 0.062914
15 0.736755 0.052980 0.135762 0.052980
15 0.935430 0.066225 0.129139 0.059603
15 0.985099 0.175497 0.029801 0.039735
15 0.451987 0.554636 0.062914 0.069536
15 0.660596 0.395695 0.069536 0.056291
15 0.728477 0.533113 0.079470 0.039735
15 0.913907 0.703642 0.066225 0.076159
15 0.976821 0.711921 0.046358 0.066225
15 0.986755 0.963576 0.026490 0.059603
15 0.864238 0.463576 0.092715 0.059603
