15 0.206954 0.874172 0.076159 0.079470
15 0.289735 0.882450 0.069536 0.029801
15 0.054636 0.748344 0.062914 0.046358
15 0.223510 0.567881 0.036424 0.076159
15 0.506623 0.511589 0.072848 0.049669
15 0.682119 0.748344 0.066225 0.052980
15 0.918874 0.970199 0.056291 0.059603
15 0.978477 0.961921 0.043046 0.076159
15 0.973510 0.839404 0.052980 0.089404
15 0.920530 0.321192 0.059603 0.066225
15 0.289735 0.276490 0.056291 0.062914
15 0.246689 0.096026 0.049669 0.066225
15 0.432119 0.114238 0.069536 0.076159
15 0.743377 0.021523 0.076159 0.036424
15 0.185430 0.991722 0.033113 0.016556
