15 0.026490 0.030242 0.046358 0.052419
15 0.122517 0.377016 0.052980 0.149194
15 0.266556 0.711694 0.062914 0.108871
15 0.385762 0.596774 0.056291 0.112903
15 0.319536 0.151210 0.043046 0.149194
15 0.415563 0.169355 0.069536 0.145161
15 0.552980 0.108871 0.059603 0.137097
15 0.678808 0.110887 0.046358 0.125000
15 0.557947 0.401210 0.043046 0.116935
15 0.736755 0.403226 0.043046 0.153226
15 0.567881 0.909274 0.056291 0.141129
15 0.857616 0.850806 0.052980 0.120968
15 0.862583 0.209677 0.076159 0.104839
