15 0.187086 0.723510 0.043046 0.062914
15 0.205298 0.263245 0.059603 0.062914
15 0.167219 0.198675 0.043046 0.072848
15 0.650662 0.304636 0.036424 0.086093
15 0.622517 0.074503 0.079470 0.029801
15 0.834437 0.014901 0.039735 0.023179
15 0.476821 0.978477 0.039735 0.043046
15 0.596026 0.990066 0.052980 0.019868
15 0.602649 0.912252 0.059603 0.056291
15 0.718543 0.875828 0.072848 0.102649
15 0.885762 0.892384 0.049669 0.062914
15 0.933775 0.793046 0.039735 0.062914
15 0.963576 0.642384 0.072848 0.099338
