15 0.163907 0.951987 0.056291 0.043046
15 0.087748 0.750000 0.069536 0.036424
15 0.375828 0.685430 0.049669 0.066225
15 0.811258 0.955298 0.165563 0.089404
15 0.622517 0.495033 0.066225 0.036424
15 0.743377 0.405629 0.029801 0.082781
15 0.817881 0.380795 0.086093 0.072848
15 0.720199 0.233444 0.062914 0.056291
15 0.971854 0.233444 0.056291 0.043046
15 0.756623 0.038079 0.069536 0.043046
15 0.264901 0.268212 0.046358 0.059603
15 0.322848 0.314570 0.056291 0.066225
15 0.461921 0.284768 0.076159 0.046358
15 0.235099 0.869205 0.033113 0.069536
15 0.392384 0.905629 0.049669 0.056291
