15 0.170530 0.251656 0.062914 0.059603
15 0.211921 0.518212 0.092715 0.062914
15 0.518212 0.594371 0.076159 0.076159
15 0.581126 0.652318 0.062914 0.066225
15 0.768212 0.223510 0.052980 0.062914
15 0.417219 0.228477 0.066225 0.039735
15 0.064570 0.019868 0.076159 0.033113
15 0.144040 0.081126 0.135762 0.089404
15 0.380795 0.889073 0.066225 0.062914
15 0.670530 0.389073 0.102649 0.036424
15 0.933775 0.485099 0.052980 0.036424
15 0.481788 0.380795 0.049669 0.066225
15 0.536424 0.370861 0.052980 0.052980
15 0.107616 0.673841 0.049669 0.062914
15 0.142384 0.620861 0.092715 0.049669
15 0.028146 0.609272 0.049669 0.066225
15 0.293046 0.675497 0.049669 0.066225
15 0.807947 0.789735 0.072848 0.056291
15 0.639073 0.034768 0.046358 0.062914
15 0.798013 0.013245 0.039735 0.019868
15 0.018212 0.342715 0.029801 0.029801
