15 0.100993 0.206954 0.076159 0.062914
15 0.142384 0.410596 0.059603 0.079470
15 0.208609 0.379139 0.059603 0.082781
15 0.245033 0.331126 0.059603 0.072848
15 0.150662 0.754967 0.062914 0.039735
15 0.384106 0.380795 0.092715 0.072848
15 0.460265 0.059603 0.046358 0.059603
15 0.597682 0.687086 0.109272 0.056291
15 0.705298 0.640728 0.099338 0.135762
15 0.850993 0.900662 0.052980 0.086093
15 0.718543 0.024834 0.072848 0.043046
15 0.834437 0.064570 0.046358 0.076159
15 0.961921 0.074503 0.076159 0.049669
