15 0.099338 0.253311 0.046358 0.069536
15 0.014901 0.374172 0.023179 0.059603
15 0.031457 0.473510 0.056291 0.066225
15 0.225166 0.478477 0.086093 0.049669
15 0.031457 0.852649 0.043046 0.043046
15 0.374172 0.855960 0.072848 0.043046
15 0.526490 0.960265 0.072848 0.039735
15 0.581126 0.456954 0.062914 0.039735
15 0.168874 0.016556 0.052980 0.026490
15 0.014901 0.018212 0.023179 0.029801
15 0.617550 0.081126 0.049669 0.056291
15 0.816225 0.880795 0.069536 0.046358
15 0.913907 0.973510 0.046358 0.052980
15 0.319536 0.046358 0.062914 0.059603
