15 0.024834 0.014901 0.036424 0.023179
15 0.096026 0.028146 0.052980 0.049669
15 0.557947 0.180464 0.036424 0.056291
15 0.571192 0.269868 0.036424 0.062914
15 0.445364 0.579470 0.029801 0.072848
15 0.594371 0.521523 0.056291 0.062914
15 0.670530 0.354305 0.036424 0.046358
15 0.794702 0.334437 0.052980 0.066225
15 0.814570 0.526490 0.072848 0.086093
15 0.860927 0.592715 0.059603 0.052980
15 0.794702 0.695364 0.066225 0.039735
15 0.425497 0.761589 0.029801 0.039735
15 0.485099 0.746689 0.056291 0.069536
15 0.721854 0.867550 0.059603 0.059603
