15 0.069536 0.268212 0.086093 0.052980
15 0.215232 0.269868 0.079470 0.056291
15 0.024834 0.059603 0.043046 0.039735
15 0.135762 0.013245 0.059603 0.019868
15 0.649007 0.124172 0.072848 0.069536
15 0.945364 0.337748 0.056291 0.086093
15 0.783113 0.480132 0.076159 0.072848
15 0.458609 0.634106 0.062914 0.062914
15 0.504967 0.682119 0.062914 0.059603
15 0.432119 0.950331 0.089404 0.066225
15 0.576159 0.870861 0.086093 0.066225
15 0.698675 0.842715 0.099338 0.062914
15 0.812914 0.890728 0.076159 0.052980
