15 0.163907 0.071192 0.049669 0.076159
15 0.403974 0.031457 0.046358 0.056291
15 0.955298 0.134106 0.069536 0.056291
15 0.180464 0.342715 0.043046 0.069536
15 0.259934 0.463576 0.056291 0.059603
15 0.228477 0.698675 0.105960 0.086093
15 0.433775 0.582781 0.052980 0.052980
15 0.483444 0.533113 0.066225 0.059603
15 0.572848 0.809603 0.059603 0.069536
15 0.567881 0.718543 0.076159 0.052980
15 0.695364 0.602649 0.052980 0.072848
15 0.725166 0.329470 0.059603 0.036424
15 0.958609 0.534768 0.062914 0.043046
15 0.986755 0.927152 0.026490 0.052980
