15 0.134106 0.259934 0.076159 0.049669
15 0.082781 0.865894 0.092715 0.036424
15 0.773179 0.975166 0.062914 0.043046
15 0.852649 0.933775 0.096026 0.046358
15 0.690397 0.791391 0.096026 0.046358
15 0.153974 0.766556 0.069536 0.049669
15 0.054636 0.642384 0.102649 0.039735
15 0.370861 0.302980 0.092715 0.043046
15 0.480132 0.307947 0.079470 0.046358
15 0.514901 0.385762 0.089404 0.089404
15 0.612583 0.544702 0.105960 0.049669
15 0.640728 0.701987 0.069536 0.039735
15 0.915563 0.672185 0.069536 0.039735
15 0.531457 0.200331 0.056291 0.069536
15 0.687086 0.165563 0.122517 0.072848
15 0.596026 0.067881 0.072848 0.056291
15 0.860927 0.564570 0.099338 0.062914
15 0.276490 0.700331 0.115894 0.043046
