15 0.067881 0.096026 0.069536 0.072848
15 0.192053 0.135762 0.066225 0.046358
15 0.309603 0.243377 0.076159 0.062914
15 0.473510 0.211921 0.072848 0.059603
15 0.577815 0.165563 0.082781 0.046358
15 0.443709 0.031457 0.086093 0.043046
15 0.604305 0.064570 0.043046 0.082781
15 0.741722 0.056291 0.059603 0.052980
15 0.754967 0.125828 0.052980 0.066225
15 0.836093 0.039735 0.056291 0.059603
15 0.897351 0.066225 0.059603 0.079470
15 0.943709 0.165563 0.092715 0.046358
15 0.678808 0.311258 0.066225 0.052980
15 0.486755 0.508278 0.079470 0.069536
15 0.127483 0.609272 0.062914 0.059603
15 0.332781 0.784768 0.076159 0.059603
15 0.362583 0.860927 0.096026 0.052980
15 0.519868 0.799669 0.072848 0.049669
15 0.518212 0.975166 0.056291 0.049669
15 0.632450 0.991722 0.033113 0.016556
15 0.713576 0.948675 0.069536 0.102649
15 0.895695 0.713576 0.056291 0.076159
15 0.973510 0.564570 0.052980 0.043046
15 0.812914 0.423841 0.049669 0.072848
15 0.834437 0.369205 0.046358 0.076159
15 0.961921 0.326159 0.076159 0.036424
