15 0.087748 0.754967 0.082781 0.059603
15 0.221854 0.956954 0.086093 0.072848
15 0.228477 0.794702 0.066225 0.072848
15 0.248344 0.486755 0.066225 0.066225
15 0.268212 0.367550 0.072848 0.066225
15 0.339404 0.312914 0.069536 0.062914
15 0.231788 0.072848 0.052980 0.066225
15 0.576159 0.064570 0.099338 0.049669
15 0.574503 0.008278 0.142384 0.009934
15 0.488411 0.475166 0.102649 0.082781
15 0.577815 0.526490 0.076159 0.072848
15 0.693709 0.513245 0.069536 0.052980
15 0.605960 0.369205 0.066225 0.062914
15 0.899007 0.430464 0.062914 0.059603
15 0.392384 0.925497 0.089404 0.062914
15 0.597682 0.986755 0.036424 0.026490
15 0.690397 0.895695 0.069536 0.076159
15 0.947020 0.832781 0.105960 0.062914
15 0.986755 0.678808 0.026490 0.039735
15 0.370861 0.697020 0.132450 0.069536
