15 0.026490 0.471854 0.046358 0.076159
15 0.018212 0.678808 0.029801 0.033113
15 0.246689 0.743377 0.076159 0.049669
15 0.266556 0.640728 0.102649 0.036424
15 0.445364 0.526490 0.102649 0.046358
15 0.435430 0.327815 0.089404 0.039735
15 0.692053 0.346026 0.079470 0.096026
15 0.554636 0.117550 0.082781 0.056291
15 0.849338 0.149007 0.062914 0.059603
15 0.496689 0.675497 0.119205 0.092715
15 0.447020 0.807947 0.046358 0.059603
15 0.759934 0.708609 0.056291 0.059603
15 0.806291 0.657285 0.082781 0.062914
15 0.657285 0.857616 0.122517 0.284768
15 0.865894 0.736755 0.056291 0.036424
15 0.124172 0.938742 0.029801 0.043046
