15 0.188742 0.369205 0.072848 0.089404
15 0.216887 0.175497 0.062914 0.052980
15 0.147351 0.769868 0.082781 0.049669
15 0.346026 0.751656 0.082781 0.059603
15 0.776490 0.596026 0.102649 0.046358
15 0.894040 0.859272 0.105960 0.056291
15 0.173841 0.953642 0.076159 0.092715
15 0.109272 0.884106 0.066225 0.086093
15 0.794702 0.981788 0.086093 0.036424
15 0.289735 0.236755 0.062914 0.056291
15 0.402318 0.147351 0.082781 0.062914
15 0.615894 0.099338 0.079470 0.039735
15 0.783113 0.127483 0.076159 0.062914
15 0.653974 0.278146 0.076159 0.072848
15 0.917219 0.309603 0.099338 0.062914
15 0.809603 0.509934 0.082781 0.066225
