15 0.021523 0.347682 0.036424 0.066225
15 0.185430 0.415563 0.059603 0.036424
15 0.208609 0.763245 0.052980 0.069536
15 0.610927 0.650662 0.076159 0.062914
15 0.271523 0.256623 0.046358 0.043046
15 0.312914 0.135762 0.049669 0.066225
15 0.374172 0.112583 0.046358 0.039735
15 0.658940 0.026490 0.046358 0.046358
15 0.786424 0.173841 0.062914 0.049669
15 0.867550 0.180464 0.072848 0.043046
15 0.963576 0.607616 0.059603 0.069536
15 0.693709 0.718543 0.062914 0.059603
15 0.754967 0.801325 0.052980 0.072848
