15 0.089404 0.306291 0.039735 0.023179
15 0.096026 0.677152 0.066225 0.049669
15 0.134106 0.642384 0.043046 0.066225
15 0.312914 0.155629 0.049669 0.052980
15 0.031457 0.018212 0.036424 0.029801
15 0.642384 0.317881 0.046358 0.072848
15 0.685430 0.382450 0.033113 0.076159
15 0.875828 0.450331 0.062914 0.052980
15 0.715232 0.046358 0.059603 0.046358
15 0.774834 0.251656 0.059603 0.052980
15 0.798013 0.201987 0.059603 0.079470
15 0.933775 0.228477 0.039735 0.052980
15 0.958609 0.350993 0.049669 0.072848
15 0.990066 0.400662 0.019868 0.046358
15 0.650662 0.890728 0.056291 0.046358
15 0.698675 0.980132 0.072848 0.039735
15 0.958609 0.794702 0.076159 0.039735
15 0.981788 0.826159 0.036424 0.029801
15 0.978477 0.983444 0.036424 0.033113
15 0.034768 0.500000 0.062914 0.033113
