15 0.056291 0.279801 0.105960 0.062914
15 0.122517 0.178808 0.139073 0.086093
15 0.289735 0.127483 0.082781 0.082781
15 0.135762 0.021523 0.059603 0.036424
15 0.668874 0.215232 0.066225 0.066225
15 0.230132 0.533113 0.069536 0.052980
15 0.112583 0.544702 0.105960 0.036424
15 0.374172 0.584437 0.092715 0.069536
15 0.470199 0.692053 0.251656 0.099338
15 0.264901 0.932119 0.092715 0.049669
15 0.355960 0.970199 0.076159 0.046358
15 0.869205 0.897351 0.142384 0.099338
15 0.872517 0.980132 0.076159 0.039735
15 0.973510 0.561258 0.052980 0.036424
15 0.701987 0.347682 0.046358 0.046358
15 0.870861 0.208609 0.079470 0.046358
