15 0.031457 0.153974 0.056291 0.049669
15 0.201987 0.036424 0.092715 0.059603
15 0.266556 0.082781 0.043046 0.072848
15 0.673841 0.018212 0.069536 0.029801
15 0.430464 0.410596 0.079470 0.052980
15 0.331126 0.302980 0.079470 0.036424
15 0.241722 0.902318 0.046358 0.069536
15 0.581126 0.947020 0.062914 0.059603
15 0.841060 0.976821 0.052980 0.046358
15 0.826159 0.773179 0.069536 0.036424
15 0.268212 0.647351 0.052980 0.043046
15 0.428808 0.600993 0.076159 0.056291
15 0.778146 0.086093 0.059603 0.026490
15 0.783113 0.139073 0.089404 0.072848
15 0.920530 0.288079 0.066225 0.059603
15 0.920530 0.569536 0.066225 0.052980
15 0.985099 0.546358 0.029801 0.059603
15 0.935430 0.683775 0.082781 0.049669
15 0.963576 0.983444 0.072848 0.026490
15 0.698675 0.976821 0.052980 0.033113
