15 0.115894 0.014901 0.066225 0.023179
15 0.041391 0.241722 0.069536 0.046358
15 0.240066 0.240066 0.062914 0.049669
15 0.478477 0.233444 0.069536 0.043046
15 0.688742 0.029801 0.033113 0.052980
15 0.562914 0.359272 0.039735 0.062914
15 0.615894 0.362583 0.052980 0.049669
15 0.096026 0.591060 0.052980 0.056291
15 0.216887 0.597682 0.062914 0.029801
15 0.192053 0.662252 0.052980 0.059603
15 0.288079 0.508278 0.099338 0.069536
15 0.367550 0.657285 0.059603 0.062914
15 0.617550 0.571192 0.043046 0.069536
15 0.667219 0.644040 0.062914 0.056291
15 0.465232 0.872517 0.062914 0.062914
15 0.874172 0.766556 0.072848 0.036424
15 0.827815 0.225166 0.046358 0.066225
15 0.726821 0.379139 0.069536 0.036424
