15 0.102649 0.544702 0.039735 0.062914
15 0.142384 0.235099 0.052980 0.059603
15 0.258278 0.422185 0.072848 0.043046
15 0.509934 0.399007 0.052980 0.043046
15 0.597682 0.433775 0.056291 0.046358
15 0.470199 0.667219 0.059603 0.062914
15 0.367550 0.713576 0.066225 0.043046
15 0.480132 0.538079 0.046358 0.062914
15 0.390728 0.854305 0.059603 0.059603
15 0.802980 0.771523 0.036424 0.052980
15 0.923841 0.726821 0.092715 0.076159
15 0.985099 0.773179 0.029801 0.056291
15 0.488411 0.988411 0.062914 0.023179
15 0.013245 0.766556 0.019868 0.049669
15 0.706954 0.094371 0.029801 0.056291
15 0.778146 0.066225 0.052980 0.059603
15 0.716887 0.031457 0.043046 0.056291
