15 0.034768 0.281457 0.062914 0.059603
15 0.248344 0.523179 0.066225 0.052980
15 0.008278 0.612583 0.009934 0.066225
15 0.418874 0.283113 0.043046 0.062914
15 0.513245 0.561258 0.072848 0.049669
15 0.521523 0.683775 0.082781 0.036424
15 0.824503 0.413907 0.039735 0.059603
15 0.882450 0.564570 0.043046 0.062914
15 0.766556 0.875828 0.049669 0.056291
15 0.718543 0.889073 0.039735 0.069536
15 0.672185 0.968543 0.046358 0.049669
15 0.476821 0.966887 0.046358 0.066225
15 0.953642 0.087748 0.072848 0.043046
