15 0.033113 0.819536 0.052980 0.049669
15 0.130795 0.874172 0.069536 0.033113
15 0.122517 0.816225 0.046358 0.069536
15 0.281457 0.682119 0.039735 0.072848
15 0.627483 0.811258 0.036424 0.059603
15 0.812914 0.680464 0.036424 0.076159
15 0.837748 0.819536 0.059603 0.056291
15 0.930464 0.673841 0.066225 0.029801
15 0.668874 0.451987 0.046358 0.069536
15 0.695364 0.389073 0.059603 0.062914
15 0.968543 0.357616 0.036424 0.052980
15 0.407285 0.314570 0.079470 0.052980
15 0.395695 0.274834 0.082781 0.033113
15 0.341060 0.230132 0.039735 0.076159
15 0.218543 0.144040 0.052980 0.056291
15 0.359272 0.125828 0.043046 0.052980
15 0.410596 0.127483 0.066225 0.069536
