15 0.220199 0.190397 0.043046 0.056291
15 0.054636 0.701987 0.062914 0.052980
15 0.096026 0.668874 0.026490 0.059603
15 0.564570 0.347682 0.036424 0.066225
15 0.634106 0.905629 0.056291 0.043046
15 0.695364 0.981788 0.072848 0.036424
15 0.935430 0.829470 0.076159 0.069536
15 0.615894 0.412252 0.039735 0.076159
15 0.814570 0.481788 0.059603 0.049669
15 0.943709 0.440397 0.052980 0.052980
15 0.884106 0.387417 0.039735 0.072848
15 0.850993 0.264901 0.039735 0.046358
15 0.692053 0.284768 0.059603 0.052980
15 0.710265 0.235099 0.062914 0.079470
15 0.610927 0.079470 0.062914 0.039735
