15 0.544702 0.374172 0.076159 0.033113
15 0.150662 0.701987 0.049669 0.046358
15 0.023179 0.743377 0.039735 0.049669
15 0.044702 0.688742 0.082781 0.046358
15 0.271523 0.912252 0.046358 0.043046
15 0.081126 0.986755 0.082781 0.026490
15 0.261589 0.986755 0.086093 0.026490
15 0.385762 0.950331 0.082781 0.066225
15 0.312914 0.726821 0.043046 0.056291
15 0.481788 0.799669 0.036424 0.049669
15 0.596026 0.554636 0.033113 0.036424
15 0.758278 0.591060 0.039735 0.069536
15 0.753311 0.885762 0.076159 0.056291
15 0.663907 0.948675 0.069536 0.049669
15 0.976821 0.786424 0.046358 0.049669
15 0.882450 0.360927 0.043046 0.059603
15 0.791391 0.160596 0.033113 0.076159
15 0.927152 0.201987 0.079470 0.033113
