15 0.092715 0.899007 0.059603 0.069536
15 0.298013 0.859272 0.046358 0.082781
15 0.458609 0.971854 0.069536 0.056291
15 0.645695 0.908940 0.105960 0.056291
15 0.788079 0.918874 0.052980 0.089404
15 0.872517 0.981788 0.049669 0.036424
15 0.968543 0.713576 0.062914 0.036424
15 0.536424 0.655629 0.086093 0.046358
15 0.604305 0.359272 0.056291 0.056291
15 0.675497 0.372517 0.066225 0.082781
15 0.983444 0.447020 0.033113 0.052980
15 0.725166 0.084437 0.072848 0.082781
15 0.723510 0.051325 0.076159 0.089404
