15 0.114238 0.915563 0.043046 0.082781
15 0.021523 0.394040 0.036424 0.059603
15 0.331126 0.367550 0.059603 0.059603
15 0.135762 0.635762 0.046358 0.072848
15 0.238411 0.650662 0.079470 0.049669
15 0.529801 0.625828 0.066225 0.059603
15 0.509934 0.693709 0.052980 0.049669
15 0.173841 0.978477 0.043046 0.043046
15 0.271523 0.981788 0.046358 0.036424
15 0.372517 0.922185 0.062914 0.056291
15 0.531457 0.885762 0.049669 0.062914
15 0.764901 0.629139 0.039735 0.066225
15 0.672185 0.546358 0.072848 0.046358
15 0.645695 0.013245 0.052980 0.019868
15 0.885762 0.476821 0.056291 0.039735
15 0.890728 0.943709 0.052980 0.072848
