15 0.046358 0.061258 0.026490 0.029801
15 0.147351 0.402318 0.069536 0.056291
15 0.289735 0.271523 0.096026 0.033113
15 0.531457 0.134106 0.049669 0.076159
15 0.577815 0.091060 0.049669 0.076159
15 0.481788 0.289735 0.102649 0.036424
15 0.533113 0.215232 0.079470 0.059603
15 0.112583 0.519868 0.086093 0.046358
15 0.250000 0.610927 0.076159 0.056291
15 0.109272 0.624172 0.092715 0.102649
15 0.072848 0.721854 0.099338 0.066225
15 0.089404 0.855960 0.099338 0.043046
15 0.443709 0.481788 0.099338 0.089404
15 0.670530 0.402318 0.069536 0.069536
15 0.620861 0.615894 0.069536 0.052980
15 0.761589 0.740066 0.092715 0.049669
15 0.859272 0.571192 0.056291 0.069536
15 0.374172 0.796358 0.039735 0.036424
15 0.599338 0.824503 0.086093 0.039735
15 0.899007 0.761589 0.069536 0.092715
