15 0.481788 0.884106 0.069536 0.066225
15 0.887417 0.900662 0.052980 0.066225
15 0.311258 0.600993 0.059603 0.069536
15 0.463576 0.591060 0.052980 0.062914
15 0.523179 0.667219 0.072848 0.036424
15 0.428808 0.400662 0.062914 0.033113
15 0.506623 0.455298 0.072848 0.036424
15 0.816225 0.350993 0.056291 0.039735
15 0.582781 0.096026 0.066225 0.039735
15 0.701987 0.033113 0.039735 0.059603
15 0.913907 0.125828 0.072848 0.099338
15 0.802980 0.211921 0.056291 0.059603
15 0.748344 0.223510 0.066225 0.056291
15 0.706954 0.158940 0.069536 0.105960
