15 0.016556 0.082781 0.026490 0.026490
15 0.112583 0.379139 0.079470 0.036424
15 0.243377 0.284768 0.076159 0.039735
15 0.057947 0.539735 0.062914 0.033113
15 0.259934 0.442053 0.082781 0.036424
15 0.549669 0.615894 0.072848 0.052980
15 0.605960 0.556291 0.039735 0.059603
15 0.645695 0.445364 0.059603 0.049669
15 0.831126 0.880795 0.059603 0.046358
15 0.816225 0.069536 0.056291 0.066225
15 0.859272 0.115894 0.115894 0.046358
15 0.985099 0.500000 0.029801 0.052980
15 0.991722 0.304636 0.016556 0.072848
15 0.283113 0.008278 0.082781 0.009934
