15 0.011589 0.188742 0.016556 0.046358
15 0.069536 0.337748 0.066225 0.052980
15 0.403974 0.518212 0.039735 0.069536
15 0.453642 0.334437 0.046358 0.052980
15 0.637417 0.387417 0.062914 0.052980
15 0.905629 0.354305 0.062914 0.039735
15 0.331126 0.665563 0.066225 0.046358
15 0.566225 0.741722 0.046358 0.059603
15 0.811258 0.672185 0.072848 0.039735
15 0.975166 0.627483 0.049669 0.049669
15 0.112583 0.927152 0.052980 0.066225
15 0.869205 0.902318 0.043046 0.049669
15 0.963576 0.907285 0.072848 0.059603
15 0.986755 0.026490 0.026490 0.046358
