15 0.302980 0.384106 0.062914 0.059603
15 0.122517 0.650662 0.046358 0.076159
15 0.120861 0.922185 0.049669 0.069536
15 0.187086 0.978477 0.036424 0.043046
15 0.380795 0.928808 0.066225 0.056291
15 0.536424 0.890728 0.059603 0.066225
15 0.228477 0.663907 0.086093 0.043046
15 0.501656 0.705298 0.062914 0.052980
15 0.513245 0.637417 0.066225 0.056291
15 0.655629 0.561258 0.066225 0.049669
15 0.597682 0.033113 0.069536 0.039735
15 0.867550 0.488411 0.052980 0.043046
15 0.751656 0.640728 0.039735 0.062914
15 0.895695 0.948675 0.056291 0.076159
