15 0.187086 0.057947 0.069536 0.043046
15 0.205298 0.036424 0.072848 0.033113
15 0.251656 0.099338 0.039735 0.072848
15 0.663907 0.021523 0.062914 0.036424
15 0.761589 0.102649 0.052980 0.033113
15 0.754967 0.170530 0.092715 0.062914
15 0.281457 0.337748 0.079470 0.026490
15 0.880795 0.319536 0.072848 0.062914
15 0.369205 0.445364 0.069536 0.043046
15 0.183775 0.683775 0.056291 0.029801
15 0.346026 0.637417 0.062914 0.062914
15 0.127483 0.938742 0.043046 0.069536
15 0.463576 0.975166 0.072848 0.049669
15 0.730132 0.816225 0.069536 0.036424
15 0.844371 0.723510 0.072848 0.056291
15 0.847682 0.605960 0.072848 0.046358
15 0.923841 0.587748 0.046358 0.069536
15 0.016556 0.183775 0.026490 0.043046
15 0.705298 0.990066 0.033113 0.019868
