15 0.110927 0.016556 0.069536 0.026490
15 0.026490 0.279801 0.046358 0.049669
15 0.210265 0.273179 0.056291 0.056291
15 0.173841 0.081126 0.062914 0.089404
15 0.215232 0.069536 0.072848 0.039735
15 0.685430 0.039735 0.039735 0.072848
15 0.448675 0.263245 0.069536 0.043046
15 0.235099 0.554636 0.092715 0.076159
15 0.039735 0.639073 0.046358 0.059603
15 0.130795 0.711921 0.056291 0.066225
15 0.167219 0.647351 0.076159 0.036424
15 0.306291 0.706954 0.062914 0.062914
15 0.564570 0.620861 0.043046 0.076159
15 0.612583 0.688742 0.059603 0.066225
15 0.385762 0.920530 0.056291 0.066225
15 0.811258 0.817881 0.066225 0.039735
15 0.947020 0.536424 0.072848 0.052980
15 0.687086 0.423841 0.062914 0.039735
15 0.526490 0.402318 0.033113 0.062914
15 0.576159 0.400662 0.059603 0.046358
15 0.807947 0.259934 0.046358 0.076159
15 0.849338 0.021523 0.029801 0.036424
