15 0.036424 0.465232 0.046358 0.062914
15 0.046358 0.592715 0.059603 0.059603
15 0.132450 0.544702 0.072848 0.043046
15 0.054636 0.246689 0.069536 0.062914
15 0.197020 0.213576 0.076159 0.043046
15 0.382450 0.263245 0.062914 0.049669
15 0.347682 0.473510 0.033113 0.046358
15 0.107616 0.869205 0.062914 0.043046
15 0.442053 0.799669 0.062914 0.049669
15 0.748344 0.855960 0.046358 0.062914
15 0.784768 0.958609 0.105960 0.082781
15 0.971854 0.973510 0.056291 0.052980
15 0.887417 0.187086 0.066225 0.056291
15 0.740066 0.064570 0.056291 0.056291
15 0.130795 0.036424 0.036424 0.066225
15 0.420530 0.014901 0.052980 0.023179
