15 0.046358 0.279801 0.066225 0.062914
15 0.172185 0.370861 0.105960 0.052980
15 0.225166 0.271523 0.139073 0.092715
15 0.375828 0.470199 0.076159 0.052980
15 0.041391 0.804636 0.076159 0.052980
15 0.096026 0.807947 0.092715 0.066225
15 0.153974 0.855960 0.062914 0.056291
15 0.432119 0.642384 0.122517 0.066225
15 0.546358 0.713576 0.119205 0.082781
15 0.634106 0.706954 0.076159 0.056291
15 0.802980 0.839404 0.056291 0.056291
15 0.776490 0.731788 0.076159 0.059603
15 0.862583 0.726821 0.102649 0.056291
15 0.822848 0.225166 0.082781 0.046358
15 0.966887 0.581126 0.046358 0.062914
15 0.885762 0.120861 0.228477 0.235099
15 0.543046 0.706954 0.112583 0.082781
